1 1380 939 3683
2 2848 96 1949
3 3510 1671 3735
4 457 334 2132
5 3888 666 1657
6 984 965 681
7 2721 1482 2715
8 1286 525 3837
9 2716 1432 1833
10 738 1325 3537
11 1251 1832 1012
12 2728 1698 1226
13 3815 169 3294
14 3683 1533 1256
15 1247 1945 1194
16 123 862 59
17 1234 1946 1555
18 252 1240 3631
19 611 673 585
20 2576 1676 568
21 928 1700 2610
22 53 857 1153
23 1807 1711 3775
24 274 1420 125
25 2574 946 816
26 178 24 1496
27 2678 1825 1508
28 1795 962 614
29 3384 1498 67
30 3520 1079 762
31 1256 61 2438
32 1424 1728 99
33 3913 192 1572
34 3085 1528 394
35 2573 1969 2928
36 463 1670 3840
37 3875 598 1661
38 298 1513 3133
39 3479 821 2423
40 2542 236 1454
41 3955 1743 3146
42 1323 280 3140
43 3447 1830 1837
44 2936 337 238
45 1621 1830 2843
46 3373 1646 790
47 1393 1368 1686
48 3874 1318 1338
49 938 955 1214
50 3022 474 2190
51 2482 1183 1149
52 3854 923 2341
53 376 825 282
54 2519 135 3301
55 2945 1622 3457
56 953 268 379
57 2628 1479 1598
58 2097 981 2646
59 890 1846 341
60 2139 1806 3300
61 2421 1007 2618
62 2290 1810 1779
63 1115 1052 91
64 2588 302 806
65 327 265 2562
66 241 341 2003
67 1917 687 2544
68 2991 792 341
69 2573 599 601
70 19 674 2099
71 3911 1673 876
72 872 1559 3233
73 2863 558 2977
74 929 1766 278
75 839 620 2739
76 3893 102 884
77 2178 1619 3784
78 3822 899 2535
79 378 1048 2822
80 1178 100 1633
81 2599 901 3021
82 3416 143 1963
83 2961 1605 2651
84 611 1384 1391
85 3113 885 1101
86 2597 1830 2490
87 2586 1286 1658
88 161 906 3381
89 1429 134 124
90 742 1025 1187
91 1625 1651 3300
92 1187 706 2234
93 1787 1009 2363
94 22 987 1446
95 3640 43 2346
96 3756 882 3683
97 776 392 1182
98 1724 1642 3202
99 198 1810 1076
100 3950 1558 2698
